10153478616753407 1078785372138222 10153633403180942 10153478616753407 10203509688399570 10207648390994439 606052915 1206574923 1713083637 754643311235080 750078275061264 846314905418676 878084965575159 
606052915 863468127007304 10153478616753407 627171307370032 1721220374568938 828332217185661 10203509688399570 10203783090936847 758102710876995 717517644958863 10155257481985371 725662194222549 606052915 10154986580795624 10204982606225535 
10153633403180942 10153659520113082 10152539253369716 902025849828256 989858561032574 10153478616753407 10152762151982906 10153633403180942 987497397936109 10152942733530549 10205539612833210 10207029106439434 10205260620248451 
10203509688399570 10153478616753407 
1206574923 1206574923 828332217185661 10153478616753407 
10207648390994439 10153478616753407 
1713083637 10153082129171647 740957539259220 898075740206679 690112501044906 835921436474793 10204093326705812 10204344881915050 1713083637 836594909724635 10153478616753407 819441521469237 810279052318506 10152909536444158 10204137086440945 823011404402781 10153022065318421 808658385844252 947371918629625 10202194212279985 861924780535218 666583846753451 812237615455087 1093583267330539 10208051019338382 
1078785372138222 1078785372138222 10153478616753407 661875710560405 570119039790351 858322207575225 1066184090105851 729690847068524 10202968492162468 10205092101919209 
754643311235080 10153478616753407 
846314905418676 930488930297669 750286788366800 846314905418676 10153478616753407 
878084965575159 1132785363406353 4353291965846 878084965575159 977287452300879 10154398991031159 10153478616753407 794707917207530 859318080762985 801553443199750 1317239121637140 1024778204200525 10202578497887577 10101744046583461 10152453362157256 10208060330447908 10153081776241173 10202049685079568 10204994135545791 10153900878943118 910259988992274 821351007882920 10155105163798087 10200453082525346 764660253557204 10208071679740558 961437053875831 
750078275061264 10153478616753407 
10154986580795624 606052915 
10155257481985371 606052915 
10204982606225535 606052915 
10203783090936847 606052915 
828332217185661 606052915 
758102710876995 606052915 
863468127007304 606052915 
1721220374568938 606052915 
717517644958863 606052915 
627171307370032 606052915 
725662194222549 606052915 
10152762151982906 10153633403180942 
10152942733530549 10153633403180942 
10152539253369716 10153633403180942 
10153659520113082 10153633403180942 
10205260620248451 10153633403180942 
10205539612833210 10153633403180942 
10207029106439434 10153633403180942 
989858561032574 10153633403180942 
987497397936109 10153633403180942 
902025849828256 10153633403180942 
