10207648390994439 10208997875883454 10153478616753407 731144369 10153337055681066 784855172 1017415450 10203819650923780 10207648390994439 10153023973252170 1198993888 10206768727161037 859854448375 1382432735 669460260 792398235 610445452 
859854448375 618938378248500 10205837399876451 10207648390994439 10152827378086902 859854448375 10154744136190128 851618228372 
10153023973252170 10205393822950193 10152428102382341 10204720293754610 731144369 1787367144 1247590478586871 10202939550824451 10202337963916273 10152576520467293 10203881668262331 10207648390994439 1134289383252668 998051830247469 10153023973252170 10204837590290929 1120299124684544 10203362021565549 10204262496856698 10152877936762042 792398235 10203280731325343 
610445452 10104505905291490 597232940418 10103809753734779 10103514473673639 10152821309813189 10101768040479501 10100458531161676 10100998965586764 10100503692547898 10100755017830162 10101789498377870 10103800239431545 10103861357245933 10152487516090756 10104374214510937 10100701773337449 10101574555604743 10152952776844743 10152834062440985 10100720586006692 10155369201895037 10153252686761004 10100688152019795 10100428308394559 610445452 10104356181055053 
669460260 10207648390994439 
10153337055681066 10152710647065452 1016288455049073 668905966531726 10152782760661131 193907877790935 10153337055681066 1077352748956135 10202337963916273 998051830247469 1092627744102514 364030657100346 10207648390994439 145453392547970 10205392169346197 
10153478616753407 10209075809431509 1078785372138222 10153633403180942 827757967278184 10153478616753407 10203509688399570 10207648390994439 10152543086647916 10201274848029232 750078275061264 846314905418676 878084965575159 
731144369 10152540824309405 10152383836866529 1685098874842248 10152498857418170 10206048104908009 774261546001688 10153390122910795 10203560234588514 10206206253178228 10207648390994439 10153774643932369 549320345195426 961189327247897 406112739565606 731144369 10212435042087898 671033876323960 871293486217525 10152994270337448 10153023973252170 570282906450679 580104492121060 270054389867338 
784855172 10207648390994439 
792398235 883095015058069 969960629682798 10208997875883454 681809908521155 1029253450463316 871246019603723 922836991085170 708472405925283 839545979390184 882562135127814 10205468099480911 10207648390994439 761333840587264 10153023973252170 606692169461078 792398235 703819746327289 10153395273753219 1123178807734969 
1017415450 755127101192757 10204259123710565 10206542970640463 818605684852331 1017415450 10202613294774184 729833527078507 10204992484315339 1097694013628495 10152382904246930 10203259291476947 10207648390994439 760571680660508 10204313431429843 10152738663620502 10152952776844743 253487501706471 10205492441004550 10159570689140422 925058664171823 100001929280366 610445452 
1198993888 1096833020330389 949922345035512 100001233181955 10153144788635731 1471589796221847 10207648390994439 10206524361890580 10205287042997294 10205551090399549 10152549368319142 10202469961695196 1083551555004366 10152443601787273 10204719111966896 10205323220150432 10153028044846917 881754645211581 871293486217525 10204744124035891 570282906450679 10155301135870436 1198993888 
10208997875883454 10208997875883454 1389974334362903 876426799062237 10207648390994439 10206144613507666 1065640300138754 10203362021565549 792398235 
10206768727161037 10203914558804741 10204000781205899 10201746230124038 998051830247469 10203396002849761 1123290364355061 863829413637694 10207648390994439 10152181203242872 698765246827459 842985535763367 10204329570333867 760150654077851 10206768727161037 907320285949092 
1382432735 10152710647065452 10203471089433066 10205076872458939 10201746230124038 839545979390184 10203271631327475 10152883084392188 10202204907962398 10152672522426589 10207648390994439 888574097833011 10154961553375354 1382432735 4084418404979 10204044426415290 10200449256869707 10152365519957485 1293602607321568 10152944133817590 10153028044846917 10153708397961959 10152181203242872 10204456928157669 10203685912724905 10101764971888982 10203654739225447 
10203819650923780 10207648390994439 
851618228372 859854448375 
10152827378086902 859854448375 
10154744136190128 859854448375 
10205837399876451 859854448375 
618938378248500 859854448375 
10152576520467293 10153023973252170 
10152428102382341 10153023973252170 
10152877936762042 10153023973252170 
10204262496856698 10153023973252170 
10202939550824451 10153023973252170 
10203881668262331 10153023973252170 
10205393822950193 10153023973252170 
10202337963916273 10153023973252170 
10203280731325343 10153023973252170 
10204720293754610 10153023973252170 
10204837590290929 10153023973252170 
10203362021565549 10153023973252170 
1787367144 10153023973252170 
1247590478586871 10153023973252170 
1134289383252668 10153023973252170 
1120299124684544 10153023973252170 
998051830247469 10153023973252170 
10101768040479501 610445452 
10101574555604743 610445452 
10100458531161676 610445452 
10100503692547898 610445452 
10103809753734779 610445452 
10104356181055053 610445452 
10103861357245933 610445452 
10100998965586764 610445452 
10104505905291490 610445452 
10100720586006692 610445452 
10103800239431545 610445452 
10100701773337449 610445452 
10104374214510937 610445452 
10100755017830162 610445452 
10100688152019795 610445452 
10101789498377870 610445452 
10103514473673639 610445452 
10100428308394559 610445452 
597232940418 610445452 
10152821309813189 610445452 
10152952776844743 610445452 
10152834062440985 610445452 
10153252686761004 610445452 
10155369201895037 610445452 
10152487516090756 610445452 
