10153478616753407 1078785372138222 10207648390994439 878084965575159 10203509688399570 10153478616753407 1713083637 846314905418676 606052915 754643311235080 10153633403180942 1206574923 750078275061264 
606052915 10155257481985371 828332217185661 10153478616753407 10203509688399570 758102710876995 10204982606225535 627171307370032 863468127007304 717517644958863 606052915 10203783090936847 1721220374568938 725662194222549 10154986580795624 
10153633403180942 10207029106439434 10152942733530549 10153478616753407 989858561032574 902025849828256 10205260620248451 987497397936109 10152762151982906 10153659520113082 10153633403180942 10152539253369716 10205539612833210 
10203509688399570 10153478616753407 
1206574923 1206574923 10153478616753407 828332217185661 
10207648390994439 10153478616753407 
1713083637 10208051019338382 808658385844252 819441521469237 10204137086440945 861924780535218 898075740206679 10202194212279985 740957539259220 666583846753451 836594909724635 10153082129171647 10152909536444158 810279052318506 10204344881915050 1093583267330539 823011404402781 10153022065318421 10153478616753407 10204093326705812 690112501044906 835921436474793 1713083637 812237615455087 947371918629625 
1078785372138222 729690847068524 1078785372138222 10153478616753407 1066184090105851 858322207575225 570119039790351 661875710560405 10205092101919209 10202968492162468 
754643311235080 10153478616753407 
846314905418676 846314905418676 750286788366800 10153478616753407 930488930297669 
878084965575159 10152453362157256 878084965575159 961437053875831 4353291965846 10153081776241173 859318080762985 10204994135545791 1132785363406353 10153900878943118 801553443199750 10202049685079568 794707917207530 10208071679740558 1317239121637140 10101744046583461 10202578497887577 910259988992274 10200453082525346 1024778204200525 821351007882920 10155105163798087 10154398991031159 10153478616753407 10208060330447908 977287452300879 764660253557204 
750078275061264 10153478616753407 
10154986580795624 606052915 
10155257481985371 606052915 
10204982606225535 606052915 
10203783090936847 606052915 
828332217185661 606052915 
758102710876995 606052915 
863468127007304 606052915 
1721220374568938 606052915 
717517644958863 606052915 
627171307370032 606052915 
725662194222549 606052915 
10152762151982906 10153633403180942 
10152942733530549 10153633403180942 
10152539253369716 10153633403180942 
10153659520113082 10153633403180942 
10205260620248451 10153633403180942 
10205539612833210 10153633403180942 
10207029106439434 10153633403180942 
989858561032574 10153633403180942 
987497397936109 10153633403180942 
902025849828256 10153633403180942 
10207648390994439 792398235 784855172 10153478616753407 10208997875883454 859854448375 1017415450 10153023973252170 1382432735 731144369 10206768727161037 669460260 610445452 10203819650923780 10207648390994439 10153337055681066 1198993888 
859854448375 859854448375 618938378248500 10152827378086902 10154744136190128 10207648390994439 851618228372 10205837399876451 
10153023973252170 1787367144 10205393822950193 10204720293754610 10202939550824451 1247590478586871 1120299124684544 10152428102382341 1134289383252668 10153023973252170 10203881668262331 731144369 10203362021565549 10204262496856698 998051830247469 10204837590290929 10202337963916273 10152877936762042 10207648390994439 792398235 10152576520467293 10203280731325343 
610445452 10100458531161676 10104356181055053 10103861357245933 10100701773337449 10100428308394559 10152952776844743 10101574555604743 597232940418 10100998965586764 10100503692547898 10104505905291490 10100755017830162 10100720586006692 610445452 10155369201895037 10153252686761004 10152821309813189 10101768040479501 10103800239431545 10152487516090756 10103809753734779 10152834062440985 10104374214510937 10100688152019795 10103514473673639 10101789498377870 
669460260 10207648390994439 
10153337055681066 10207648390994439 1092627744102514 145453392547970 193907877790935 364030657100346 10152782760661131 1016288455049073 668905966531726 1077352748956135 998051830247469 10152710647065452 10153337055681066 10205392169346197 10202337963916273 
10153478616753407 827757967278184 1078785372138222 10201274848029232 878084965575159 10203509688399570 10153478616753407 10209075809431509 846314905418676 10152543086647916 10153633403180942 10207648390994439 750078275061264 
731144369 270054389867338 580104492121060 549320345195426 10152540824309405 10206048104908009 671033876323960 1685098874842248 774261546001688 871293486217525 10152383836866529 10152498857418170 406112739565606 570282906450679 10203560234588514 961189327247897 10153390122910795 10152994270337448 10206206253178228 10207648390994439 10212435042087898 10153023973252170 10153774643932369 731144369 
784855172 10207648390994439 
792398235 883095015058069 922836991085170 606692169461078 681809908521155 10208997875883454 969960629682798 1029253450463316 1123178807734969 10153023973252170 708472405925283 871246019603723 882562135127814 761333840587264 839545979390184 703819746327289 10153395273753219 10207648390994439 792398235 10205468099480911 
1017415450 10205492441004550 10203259291476947 1017415450 755127101192757 10152952776844743 10152382904246930 818605684852331 10204992484315339 610445452 760571680660508 10159570689140422 10204313431429843 253487501706471 10207648390994439 729833527078507 10152738663620502 925058664171823 10206542970640463 100001929280366 1097694013628495 10202613294774184 10204259123710565 
1198993888 10204719111966896 949922345035512 10202469961695196 1471589796221847 10152549368319142 10206524361890580 871293486217525 10152443601787273 100001233181955 570282906450679 10205287042997294 10153144788635731 1083551555004366 10207648390994439 1096833020330389 10204744124035891 10155301135870436 10205551090399549 10153028044846917 881754645211581 10205323220150432 1198993888 
10208997875883454 1389974334362903 876426799062237 10208997875883454 1065640300138754 10206144613507666 10203362021565549 10207648390994439 792398235 
10206768727161037 10204000781205899 698765246827459 10203396002849761 1123290364355061 10152181203242872 760150654077851 10204329570333867 10206768727161037 863829413637694 998051830247469 10201746230124038 10207648390994439 907320285949092 842985535763367 10203914558804741 
1382432735 10101764971888982 10152883084392188 10153708397961959 10152181203242872 10154961553375354 1382432735 10152672522426589 10202204907962398 10152944133817590 4084418404979 10204044426415290 10204456928157669 10203685912724905 10200449256869707 839545979390184 888574097833011 10207648390994439 10203654739225447 1293602607321568 10152365519957485 10153028044846917 10201746230124038 10152710647065452 10205076872458939 10203271631327475 10203471089433066 
10203819650923780 10207648390994439 
851618228372 859854448375 
10152827378086902 859854448375 
10154744136190128 859854448375 
10205837399876451 859854448375 
618938378248500 859854448375 
10152576520467293 10153023973252170 
10152428102382341 10153023973252170 
10152877936762042 10153023973252170 
10204262496856698 10153023973252170 
10202939550824451 10153023973252170 
10203881668262331 10153023973252170 
10205393822950193 10153023973252170 
10202337963916273 10153023973252170 
10203280731325343 10153023973252170 
10204720293754610 10153023973252170 
10204837590290929 10153023973252170 
10203362021565549 10153023973252170 
1787367144 10153023973252170 
1247590478586871 10153023973252170 
1134289383252668 10153023973252170 
1120299124684544 10153023973252170 
998051830247469 10153023973252170 
10101768040479501 610445452 
10101574555604743 610445452 
10100458531161676 610445452 
10100503692547898 610445452 
10103809753734779 610445452 
10104356181055053 610445452 
10103861357245933 610445452 
10100998965586764 610445452 
10104505905291490 610445452 
10100720586006692 610445452 
10103800239431545 610445452 
10100701773337449 610445452 
10104374214510937 610445452 
10100755017830162 610445452 
10100688152019795 610445452 
10101789498377870 610445452 
10103514473673639 610445452 
10100428308394559 610445452 
597232940418 610445452 
10152821309813189 610445452 
10152952776844743 610445452 
10152834062440985 610445452 
10153252686761004 610445452 
10155369201895037 610445452 
10152487516090756 610445452 
